0.1 1.72414 1.72414 2 1 0
0.12986 1.74208 1.74208 1 1 0
0.159493 1.76025 1.76025 1 1 0
0.203511 1.78796 1.78796 1 1 0
0.268551 1.83053 1.83053 1 1 0
0.275459 1.83517 1.83517 1 1 0
0.370538 1.90153 1.90153 2 1 0
0.507838 2.00629 2.00629 2 1 0
0.70139 2.17523 2.17523 2 1 0
0.89667 2.37718 2.37718 2 1 0
1.09022 2.6181 2.6181 2 1 0
1.27842 2.9043 2.9043 2 1 0
1.45783 3.24218 3.24218 2 1 0
1.62557 3.63786 3.63786 2 1 0
1.75514 4.01655 4.01655 1 1 0
1.87826 4.45735 4.45735 1 1 0
1.98186 4.91092 4.91092 1 1 0
2.0695 5.37343 5.37343 1 1 0
2.14409 5.84173 5.84173 1 1 0
2.20803 6.31339 6.31339 1 1 0
2.26325 6.78656 6.78656 1 1 0
2.31129 7.25991 7.25991 1 1 0
2.35338 7.73249 7.73249 1 1 0
2.39052 8.20367 8.20367 1 1 0
2.4235 8.67301 8.67301 1 1 0
2.45297 9.14027 9.14027 1 1 0
2.47945 9.60529 9.60529 1 1 0
2.50338 10.068 10.068 1 1 0
0.1 1.72414 1.72414 2 1 0
0.069917 1.70644 1.70644 1 1 0
0.0396137 1.68897 1.68897 1 1 0
-0.00624751 1.6632 1.6632 1 1 0
1.75515 4.01655 4.01655 4 3 0
1.75513 4.03998 3.99309 3 3 0
1.75513 4.04031 3.99275 3 3 0
1.75489 4.13478 3.89956 3 3 0
1.75348 4.32591 3.71568 3 3 0
1.74901 4.61779 3.44615 3 3 0
1.73687 5.06626 3.05619 3 3 0
1.70865 5.70364 2.54813 3 3 0
1.66575 6.34613 2.0802 3 3 0
1.60541 6.97214 1.65674 3 3 0
1.52307 7.55968 1.27442 3 3 0
1.41254 8.05566 0.944009 3 3 0
1.27077 8.35172 0.682019 3 3 0
1.10809 8.38439 0.503 3 3 0
0.940265 8.10153 0.398872 3 3 0
0.772914 7.50774 0.352499 3 3 0
0.616751 6.60451 0.365432 3 3 0
0.499284 5.64409 0.434712 3 3 0
0.421439 4.81703 0.543954 3 3 0
0.367676 4.1057 0.684681 3 3 0
0.329633 3.49296 0.859376 3 3 0
0.303215 2.95841 1.07016 3 3 0
0.286175 2.49066 1.31887 3 3 0
0.277266 2.08389 1.60984 3 3 0
0.275543 1.85956 1.81112 3 3 0
0.279742 2.23182 1.49425 3 3 0
0.291634 2.66025 1.21963 3 3 0
0.312031 3.1522 0.985755 3 3 0
0.342475 3.71554 0.790204 3 3 0
0.385648 4.35903 0.627927 3 3 0
0.446193 5.10151 0.500077 3 3 0
0.532112 5.94614 0.40786 3 3 0
0.65505 6.86682 0.355911 3 3 0
0.816968 7.69755 0.35888 3 3 0
0.990201 8.21912 0.422587 3 3 0
1.15795 8.41002 0.549083 3 3 0
1.31677 8.29283 0.753209 3 3 0
1.45315 7.90132 1.04879 3 3 0
1.55606 7.35654 1.40825 3 3 0
1.63048 6.74056 1.81009 3 3 0
1.68399 6.10125 2.25383 3 3 0
1.72109 5.45799 2.73805 3 3 0
1.74418 4.82554 3.2617 3 3 0
1.75446 4.21405 3.82237 3 3 0
1.75514 4.01707 4.01594 3 3 0
1.74902 4.61764 3.44619 3 3 0
1.74899 4.61925 3.44474 3 3 0
1.73031 5.24436 2.90957 3 3 0
1.69814 5.88483 2.41231 3 3 0
1.65068 6.52573 1.95635 3 3 0
1.5847 7.14612 1.54361 3 3 0
1.49506 7.71137 1.17642 3 3 0
1.37564 8.16314 0.862583 3 3 0
1.22626 8.394 0.623494 3 3 0
1.06093 8.33498 0.466418 3 3 0
0.892947 7.9688 0.379661 3 3 0
0.726757 7.27545 0.34956 3 3 0
0.578855 6.33222 0.380457 3 3 0
0.474118 5.39977 0.462002 3 3 0
0.404341 4.60671 0.579847 3 3 0
0.355594 3.92428 0.730274 3 3 0
0.321135 3.3344 0.91584 3 3 0
0.297534 2.8204 1.13608 3 3 0
0.282879 2.37092 1.39655 3 3 0
0.276128 1.97878 1.69956 3 3 0
0.275533 1.85231 1.81823 3 3 0
0.278845 2.18458 1.52975 3 3 0
0.278885 2.18682 1.52804 3 3 0
0.289809 2.60737 1.2502 3 3 0
0.309138 3.09115 1.01152 3 3 0
0.338284 3.64421 0.811433 3 3 0
0.379761 4.27499 0.645044 3 3 0
0.437918 5.00776 0.513431 3 3 0
0.52028 5.83956 0.4171 3 3 0
0.63828 6.75738 0.359264 3 3 0
0.796592 7.61292 0.355256 3 3 0
0.969971 8.17484 0.411953 3 3 0
1.13848 8.40257 0.530184 3 3 0
1.29883 8.32381 0.724378 3 3 0
1.43875 7.95585 1.01033 3 3 0
1.54556 7.42404 1.36213 3 3 0
1.62289 6.81544 1.76035 3 3 0
1.67858 6.17765 2.19958 3 3 0
1.71747 5.53393 2.67908 3 3 0
1.74213 4.89972 3.19816 3 3 0
1.75389 4.28497 3.7544 3 3 0
1.75514 4.01766 4.01535 3 3 0
1.74903 4.61665 3.447 3 3 0
1.749 4.61826 3.44556 3 3 0
1.73034 5.24357 2.91049 3 3 0
1.69818 5.88383 2.41262 3 3 0
1.65073 6.52461 1.95642 3 3 0
1.58477 7.14466 1.54321 3 3 0
1.49516 7.71015 1.17724 3 3 0
1.37577 8.16332 0.863172 3 3 0
1.22642 8.39297 0.623291 3 3 0
1.0611 8.33551 0.466695 3 3 0
0.893114 7.96832 0.379941 3 3 0
0.726918 7.2712 0.349716 3 3 0
0.578982 6.33322 0.380082 3 3 0
0.474202 5.40085 0.461941 3 3 0
0.404398 4.60731 0.57967 3 3 0
0.355634 3.92474 0.730077 3 3 0
0.321164 3.33536 0.915079 3 3 0
0.297553 2.82079 1.13656 3 3 0
0.282889 2.37115 1.39619 3 3 0
0.276131 1.97916 1.69925 3 3 0
0.275533 1.85229 1.81827 3 3 0
0.278846 2.18469 1.52968 3 3 0
0.278886 2.18693 1.52797 3 3 0
0.289811 2.60707 1.25029 3 3 0
0.309141 3.09073 1.01138 3 3 0
0.338287 3.64509 0.811614 3 3 0
0.379766 4.27811 0.645188 3 3 0
0.437925 5.00581 0.514285 3 3 0
0.52029 5.83909 0.416245 3 3 0
0.638295 6.75106 0.359213 3 3 0
0.79661 7.61069 0.356566 3 3 0
0.969989 8.17468 0.413314 3 3 0
1.1385 8.40301 0.529897 3 3 0
1.29884 8.32232 0.724238 3 3 0
1.43876 7.95872 1.01161 3 3 0
1.54557 7.42623 1.36281 3 3 0
1.6229 6.81618 1.76044 3 3 0
1.67859 6.178 2.19935 3 3 0
1.71747 5.53428 2.67884 3 3 0
1.74213 4.89932 3.19804 3 3 0
1.75389 4.28486 3.75443 3 3 0
1.75514 4.01782 4.0152 3 3 0
1.74904 4.61669 3.44708 3 3 0
1.749 4.6183 3.44564 3 3 0
1.73034 5.24371 2.91088 3 3 0
1.69819 5.88436 2.41329 3 3 0
1.65075 6.52536 1.95749 3 3 0
1.5848 7.14703 1.54488 3 3 0
1.49519 7.71206 1.17619 3 3 0
1.37581 8.16084 0.862891 3 3 0
1.22646 8.39598 0.624182 3 3 0
1.06115 8.33615 0.466745 3 3 0
0.89316 7.96122 0.379437 3 3 0
0.726963 7.28023 0.34947 3 3 0
0.579017 6.33264 0.379734 3 3 0
0.474225 5.40093 0.462278 3 3 0
0.404414 4.60661 0.579504 3 3 0
0.355646 3.92436 0.73017 3 3 0
0.321172 3.33571 0.914773 3 3 0
0.297558 2.82083 1.13673 3 3 0
0.282892 2.37092 1.39647 3 3 0
0.276132 1.97933 1.69914 3 3 0
0.275533 1.85226 1.81829 3 3 0
0.278846 2.18465 1.52967 3 3 0
0.278886 2.1869 1.52796 3 3 0
0.289812 2.60745 1.25024 3 3 0
0.309143 3.08947 1.01166 3 3 0
0.33829 3.64495 0.811247 3 3 0
0.37977 4.28014 0.644991 3 3 0
0.437931 5.00435 0.513889 3 3 0
0.520298 5.83742 0.416192 3 3 0
0.638306 6.75268 0.359438 3 3 0
0.796624 7.60744 0.356115 3 3 0
0.970003 8.17238 0.413116 3 3 0
1.13851 8.40118 0.530692 3 3 0
1.29885 8.31879 0.724135 3 3 0
1.43877 7.96161 1.01023 3 3 0
1.54558 7.42605 1.36421 3 3 0
1.62291 6.81562 1.76091 3 3 0
1.67859 6.17742 2.19955 3 3 0
1.71747 5.53399 2.67895 3 3 0
1.74213 4.89857 3.19798 3 3 0
1.75389 4.28467 3.75446 3 3 0
1.75514 4.01772 4.01529 3 3 0
1.74903 4.61696 3.44671 3 3 0
1.749 4.61857 3.44526 3 3 0
1.73034 5.24402 2.91019 3 3 0
1.69818 5.88204 2.41436 3 3 0
1.65074 6.52207 1.95785 3 3 0
1.58478 7.14397 1.54337 3 3 0
1.49518 7.71468 1.17535 3 3 0
1.37579 8.16064 0.863205 3 3 0
1.22643 8.39803 0.624167 3 3 0
1.06112 8.33069 0.466713 3 3 0
0.893134 7.96348 0.379424 3 3 0
0.726938 7.28207 0.349463 3 3 0
0.578998 6.33199 0.379596 3 3 0
0.474212 5.40056 0.462425 3 3 0
0.404405 4.60609 0.579621 3 3 0
0.355639 3.92498 0.730668 3 3 0
0.321167 3.33592 0.914679 3 3 0
0.297555 2.82031 1.13615 3 3 0
0.28289 2.37108 1.3963 3 3 0
0.276132 1.97929 1.69931 3 3 0
0.275533 1.85226 1.8183 3 3 0
0.278846 2.1843 1.52986 3 3 0
0.278886 2.18654 1.52815 3 3 0
0.289812 2.60757 1.2498 3 3 0
0.309143 3.09003 1.01246 3 3 0
0.33829 3.6425 0.810653 3 3 0
0.37977 4.27983 0.645082 3 3 0
0.437931 5.00522 0.513679 3 3 0
0.520299 5.83588 0.416218 3 3 0
