1 15 15 2 1 0
1.04 15 15 1 1 0
1.08 15 15 1 1 0
1.16 15 15 1 1 0
1.32 15 15 1 1 0
1.64 15 15 1 1 0
2.14 15 15 1 1 0
2.22222 15 15 1 1 0
2.72222 15 15 2 1 0
3.22222 15 15 2 1 0
3.72222 15 15 2 1 0
4.22222 15 15 2 1 0
4.72222 15 15 2 1 0
5.22222 15 15 2 1 0
5.72222 15 15 2 1 0
6.22222 15 15 2 1 0
6.72222 15 15 2 1 0
7.22222 15 15 2 1 0
7.72222 15 15 2 1 0
8.22222 15 15 2 1 0
8.72222 15 15 2 1 0
9.22222 15 15 2 1 0
9.72222 15 15 2 1 0
10.2222 15 15 2 1 0
2.22222 15 15 2 2 0
2.22157 15.0177 15.0177 2 2 0
2.22092 15.0353 15.0353 2 2 0
2.21962 15.0707 15.0707 2 2 0
2.21704 15.1413 15.1413 2 2 0
2.21196 15.2824 15.2824 2 2 0
2.20208 15.5642 15.5642 2 2 0
2.18739 16.0033 16.0033 2 2 0
2.17353 16.441 16.441 2 2 0
2.16042 16.8774 16.8774 2 2 0
2.14801 17.3125 17.3125 2 2 0
2.13624 17.7464 17.7464 2 2 0
2.12506 18.1793 18.1793 2 2 0
2.11443 18.611 18.611 2 2 0
2.1043 19.0417 19.0417 2 2 0
2.09464 19.4714 19.4714 2 2 0
2.08542 19.9003 19.9003 2 2 0
2.07661 20.3282 20.3282 2 2 0
2.06817 20.7553 20.7553 2 2 0
2.06009 21.1816 21.1816 2 2 0
2.05234 21.6072 21.6072 2 2 0
2.0449 22.032 22.032 2 2 0
2.03776 22.4561 22.4561 2 2 0
2.03089 22.8796 22.8796 2 2 0
2.02428 23.3024 23.3024 2 2 0
2.01792 23.7246 23.7246 2 2 0
2.01179 24.1463 24.1463 2 2 0
2.00587 24.5673 24.5673 2 2 0
2.00016 24.9879 24.9879 2 2 0
1.99465 25.4079 25.4079 2 2 0
1.98932 25.8274 25.8274 2 2 0
1.98417 26.2465 26.2465 2 2 0
1.97919 26.6651 26.6651 2 2 0
1.97436 27.0832 27.0832 2 2 0
1.96969 27.501 27.501 2 2 0
1.96516 27.9183 27.9183 2 2 0
1.96076 28.3352 28.3352 2 2 0
1.9565 28.7517 28.7517 2 2 0
1.95237 29.1679 29.1679 2 2 0
1.94835 29.5838 29.5838 2 2 0
1.94445 29.9992 29.9992 2 2 0
1.94066 30.4144 30.4144 2 2 0
1.93697 30.8293 30.8293 2 2 0
1.93339 31.2438 31.2438 2 2 0
1.9299 31.658 31.658 2 2 0
1.9265 32.072 32.072 2 2 0
1.92319 32.4857 32.4857 2 2 0
1.91997 32.8991 32.8991 2 2 0
1.91683 33.3122 33.3122 2 2 0
1.91376 33.7251 33.7251 2 2 0
1.91078 34.1377 34.1377 2 2 0
1.90786 34.5502 34.5502 2 2 0
1.90502 34.9623 34.9623 2 2 0
1.90224 35.3743 35.3743 2 2 0
1.89953 35.786 35.786 2 2 0
1.89688 36.1976 36.1976 2 2 0
1.8943 36.6089 36.6089 2 2 0
1.89177 37.02 37.02 2 2 0
1.8893 37.431 37.431 2 2 0
1.88688 37.8417 37.8417 2 2 0
1.88452 38.2523 38.2523 2 2 0
1.88221 38.6627 38.6627 2 2 0
1.87994 39.0729 39.0729 2 2 0
1.87773 39.483 39.483 2 2 0
1.87556 39.8929 39.8929 2 2 0
1.87344 40.3026 40.3026 2 2 0
1.87136 40.7122 40.7122 2 2 0
1.86932 41.1216 41.1216 2 2 0
1.86732 41.5309 41.5309 2 2 0
1.86536 41.9401 41.9401 2 2 0
1.86344 42.3491 42.3491 2 2 0
1.86156 42.7579 42.7579 2 2 0
1.85972 43.1667 43.1667 2 2 0
1.85791 43.5753 43.5753 2 2 0
1.85613 43.9838 43.9838 2 2 0
1.85439 44.3921 44.3921 2 2 0
1.85268 44.8004 44.8004 2 2 0
1.851 45.2085 45.2085 2 2 0
1.84935 45.6165 45.6165 2 2 0
1.84773 46.0244 46.0244 2 2 0
1.84614 46.4322 46.4322 2 2 0
1.84458 46.8399 46.8399 2 2 0
1.84304 47.2475 47.2475 2 2 0
1.84153 47.655 47.655 2 2 0
1.84005 48.0623 48.0623 2 2 0
1.8386 48.4696 48.4696 2 2 0
1.83716 48.8768 48.8768 2 2 0
1.83575 49.2839 49.2839 2 2 0
1.83437 49.6909 49.6909 2 2 0
1.83301 50.0978 50.0978 2 2 0
1.83167 50.5047 50.5047 2 2 0
1.83035 50.9114 50.9114 2 2 0
1.82905 51.3181 51.3181 2 2 0
1.82778 51.7247 51.7247 2 2 0
1.82652 52.1312 52.1312 2 2 0
1.82528 52.5376 52.5376 2 2 0
1.82407 52.944 52.944 2 2 0
1.82287 53.3503 53.3503 2 2 0
1.82169 53.7565 53.7565 2 2 0
1.82052 54.1626 54.1626 2 2 0
1.81938 54.5687 54.5687 2 2 0
1.81825 54.9747 54.9747 2 2 0
1.81714 55.3806 55.3806 2 2 0
1.81605 55.7865 55.7865 2 2 0
1.81497 56.1923 56.1923 2 2 0
1.8139 56.598 56.598 2 2 0
1.81286 57.0037 57.0037 2 2 0
1.81182 57.4093 57.4093 2 2 0
1.8108 57.8148 57.8148 2 2 0
1.8098 58.2203 58.2203 2 2 0
1.80881 58.6258 58.6258 2 2 0
1.80784 59.0312 59.0312 2 2 0
1.80687 59.4365 59.4365 2 2 0
1.80592 59.8418 59.8418 2 2 0
1.80499 60.247 60.247 2 2 0
1.80406 60.6521 60.6521 2 2 0
1.80315 61.0573 61.0573 2 2 0
1.80225 61.4623 61.4623 2 2 0
1.80136 61.8673 61.8673 2 2 0
1.80049 62.2723 62.2723 2 2 0
1.79962 62.6772 62.6772 2 2 0
1.79877 63.0821 63.0821 2 2 0
1.79793 63.4869 63.4869 2 2 0
1.7971 63.8917 63.8917 2 2 0
1.79627 64.2964 64.2964 2 2 0
1.79546 64.7011 64.7011 2 2 0
1.79466 65.1058 65.1058 2 2 0
1.79387 65.5104 65.5104 2 2 0
1.79309 65.9149 65.9149 2 2 0
1.79232 66.3194 66.3194 2 2 0
1.79156 66.7239 66.7239 2 2 0
1.79081 67.1284 67.1284 2 2 0
1.79006 67.5328 67.5328 2 2 0
1.78933 67.9371 67.9371 2 2 0
1.7886 68.3415 68.3415 2 2 0
1.78789 68.7458 68.7458 2 2 0
1.78718 69.15 69.15 2 2 0
1.78648 69.5542 69.5542 2 2 0
1.78579 69.9584 69.9584 2 2 0
1.7851 70.3626 70.3626 2 2 0
1.78442 70.7667 70.7667 2 2 0
1.78376 71.1708 71.1708 2 2 0
1.78309 71.5748 71.5748 2 2 0
1.78244 71.9788 71.9788 2 2 0
1.7818 72.3828 72.3828 2 2 0
1.78116 72.7868 72.7868 2 2 0
1.78052 73.1907 73.1907 2 2 0
1.7799 73.5946 73.5946 2 2 0
1.77928 73.9984 73.9984 2 2 0
1.77867 74.4023 74.4023 2 2 0
1.77807 74.8061 74.8061 2 2 0
1.77747 75.2098 75.2098 2 2 0
1.77688 75.6136 75.6136 2 2 0
1.77629 76.0173 76.0173 2 2 0
1.77571 76.421 76.421 2 2 0
1.77514 76.8246 76.8246 2 2 0
1.77457 77.2283 77.2283 2 2 0
1.77401 77.6319 77.6319 2 2 0
1.77346 78.0355 78.0355 2 2 0
1.77291 78.439 78.439 2 2 0
1.77236 78.8425 78.8425 2 2 0
1.77182 79.2461 79.2461 2 2 0
1.77129 79.6495 79.6495 2 2 0
1.77076 80.053 80.053 2 2 0
1.77024 80.4564 80.4564 2 2 0
1.76973 80.8598 80.8598 2 2 0
1.76921 81.2632 81.2632 2 2 0
1.76871 81.6666 81.6666 2 2 0
1.76821 82.0699 82.0699 2 2 0
1.76771 82.4732 82.4732 2 2 0
1.76722 82.8765 82.8765 2 2 0
1.76673 83.2798 83.2798 2 2 0
1.76625 83.6831 83.6831 2 2 0
1.76577 84.0863 84.0863 2 2 0
1.7653 84.4895 84.4895 2 2 0
1.76483 84.8927 84.8927 2 2 0
1.76437 85.2959 85.2959 2 2 0
1.76391 85.699 85.699 2 2 0
1.76345 86.1022 86.1022 2 2 0
1.763 86.5053 86.5053 2 2 0
1.76255 86.9084 86.9084 2 2 0
1.76211 87.3114 87.3114 2 2 0
1.76167 87.7145 87.7145 2 2 0
1.76124 88.1175 88.1175 2 2 0
1.76081 88.5205 88.5205 2 2 0
1.76038 88.9235 88.9235 2 2 0
1.75996 89.3265 89.3265 2 2 0
1.75954 89.7295 89.7295 2 2 0
1.75912 90.1324 90.1324 2 2 0
1.75871 90.5354 90.5354 2 2 0
1.7583 90.9383 90.9383 2 2 0
1.7579 91.3412 91.3412 2 2 0
1.7575 91.7441 91.7441 2 2 0
1.7571 92.1469 92.1469 2 2 0
1.75671 92.5498 92.5498 2 2 0
1.75632 92.9526 92.9526 2 2 0
1.75593 93.3554 93.3554 2 2 0
1.75555 93.7582 93.7582 2 2 0
1.75517 94.161 94.161 2 2 0
1.75479 94.5638 94.5638 2 2 0
2.22222 15 15 2 2 0
2.22288 14.9823 14.9823 2 2 0
2.22353 14.9646 14.9646 1 2 0
2.22485 14.9293 14.9293 1 2 0
2.22751 14.8585 14.8585 1 2 0
2.23291 14.7169 14.7169 1 2 0
2.24404 14.4332 14.4332 1 2 0
2.26164 14.0062 14.0062 1 2 0
2.28123 13.5597 13.5597 1 2 0
2.30225 13.1114 13.1114 1 2 0
2.32486 12.6609 12.6609 1 2 0
2.34926 12.2084 12.2084 1 2 0
2.37567 11.7536 11.7536 1 2 0
2.40436 11.2964 11.2964 1 2 0
2.43565 10.8368 10.8368 1 2 0
2.46992 10.3745 10.3745 1 2 0
2.50761 9.90951 9.90951 1 2 0
2.54927 9.44175 9.44175 1 2 0
2.59557 8.97117 8.97117 1 2 0
2.64731 8.49779 8.49779 1 2 0
2.70551 8.02175 8.02175 1 2 0
2.7714 7.54331 7.54331 1 2 0
2.84653 7.06297 7.06297 1 2 0
2.93283 6.58156 6.58156 1 2 0
3.0327 6.1004 6.1004 1 2 0
3.14908 5.62147 5.62147 1 2 0
3.28553 5.14765 5.14765 1 2 0
3.44616 4.68298 4.68298 1 2 0
3.63545 4.23273 4.23273 1 2 0
3.85774 3.80332 3.80332 1 2 0
4.11645 3.40166 3.40166 1 2 0
4.16147 3.34028 3.34028 2 2 0
4.46434 2.97867 2.97867 2 2 0
4.8041 2.6561 2.6561 2 2 0
5.17722 2.37379 2.37379 2 2 0
5.5787 2.13018 2.13018 2 2 0
6.00305 1.92172 1.92172 2 2 0
6.4452 1.74391 1.74391 2 2 0
6.9009 1.59208 1.59208 2 2 0
7.36676 1.46196 1.46196 2 2 0
7.84025 1.34984 1.34984 2 2 0
8.31947 1.25261 1.25261 2 2 0
8.803 1.16773 1.16773 2 2 0
9.28983 1.09316 1.09316 2 2 0
9.77919 1.02722 1.02722 2 2 0
10.2705 0.968559 0.968559 2 2 0
4.16147 3.34028 3.34028 4 8 0
4.16138 3.3637 3.31721 4 8 0
4.16138 3.36385 3.31706 3 8 0
4.16188 3.45766 3.22474 3 8 0
4.16385 3.60038 3.08838 3 8 0
4.16961 3.81886 2.88864 3 8 0
4.18459 4.15617 2.6009 3 8 0
4.22177 4.68011 2.19395 3 8 0
4.29353 5.35144 1.73711 3 8 0
4.39663 6.04003 1.33655 3 8 0
4.53489 6.73591 0.989899 3 8 0
4.71249 7.42137 0.704469 3 8 0
4.93204 8.06702 0.47933 3 8 0
5.19182 8.65691 0.313664 3 8 0
5.4847 9.15882 0.197816 3 8 0
5.80109 9.59776 0.122466 3 8 0
6.13316 9.97254 0.074574 3 8 0
6.47617 10.2721 0.0450438 3 8 0
6.82769 10.5429 0.0270169 3 8 0
7.18656 10.7869 0.0159211 3 8 0
7.55225 10.988 0.00920445 3 8 0
7.92449 11.18 0.0053501 3 8 0
8.30313 11.3563 0.00303602 3 8 0
8.688 11.5052 0.00168559 3 8 0
9.07889 11.6524 0.00092672 3 8 0
9.47565 11.7971 0.000507874 3 8 0
9.87802 11.9155 0.000275814 3 8 0
10.2857 12.0431 0.000143571 3 8 0
