8 6.27104 6.27104 2 1 0
8.0216 6.3017 6.3017 1 1 0
8.04309 6.33242 6.33242 1 1 0
8.08573 6.39408 6.39408 1 1 0
8.16965 6.51821 6.51821 1 1 0
8.29218 6.70636 6.70636 1 1 0
8.46861 6.99266 6.99266 1 1 0
8.69947 7.3976 7.3976 1 1 0
8.91469 7.80992 7.80992 1 1 0
9.11523 8.22848 8.22848 1 1 0
9.30211 8.65228 8.65228 1 1 0
9.4763 9.08044 9.08044 1 1 0
9.6388 9.51219 9.51219 1 1 0
9.7905 9.94687 9.94687 1 1 0
9.9323 10.3839 10.3839 1 1 0
10.065 10.8228 10.8228 1 1 0
10.1893 11.2632 11.2632 1 1 0
10.306 11.7047 11.7047 1 1 0
10.4155 12.1471 12.1471 1 1 0
10.5187 12.59 12.59 1 1 0
10.6158 13.0332 13.0332 1 1 0
10.7075 13.4767 13.4767 1 1 0
10.794 13.9201 13.9201 1 1 0
10.876 14.3635 14.3635 1 1 0
10.9535 14.8067 14.8067 1 1 0
10.9861 15.0001 15.0001 2 1 0
11.0581 15.4428 15.4428 2 1 0
11.1264 15.8852 15.8852 2 1 0
11.1914 16.3271 16.3271 2 1 0
11.2533 16.7685 16.7685 2 1 0
11.3123 17.2094 17.2094 2 1 0
11.3687 17.6498 17.6498 2 1 0
11.4225 18.0896 18.0896 2 1 0
11.4739 18.5287 18.5287 2 1 0
11.5232 18.9673 18.9673 2 1 0
11.5704 19.4052 19.4052 2 1 0
11.6156 19.8425 19.8425 2 1 0
11.6591 20.2792 20.2792 2 1 0
11.7008 20.7152 20.7152 2 1 0
11.7409 21.1506 21.1506 2 1 0
11.7795 21.5854 21.5854 2 1 0
11.8166 22.0195 22.0195 2 1 0
11.8524 22.453 22.453 2 1 0
11.8869 22.8858 22.8858 2 1 0
11.9202 23.3181 23.3181 2 1 0
11.9524 23.7497 23.7497 2 1 0
11.9834 24.1807 24.1807 2 1 0
12.0134 24.6112 24.6112 2 1 0
12.0425 25.041 25.041 2 1 0
12.0705 25.4703 25.4703 2 1 0
12.0977 25.899 25.899 2 1 0
12.1241 26.3271 26.3271 2 1 0
12.1496 26.7547 26.7547 2 1 0
12.1744 27.1817 27.1817 2 1 0
12.1984 27.6082 27.6082 2 1 0
12.2218 28.0341 28.0341 2 1 0
12.2444 28.4596 28.4596 2 1 0
12.2664 28.8845 28.8845 2 1 0
12.2878 29.3089 29.3089 2 1 0
12.3086 29.7329 29.7329 2 1 0
12.3288 30.1563 30.1563 2 1 0
12.3485 30.5793 30.5793 2 1 0
12.3677 31.0019 31.0019 2 1 0
12.3864 31.4239 31.4239 2 1 0
12.4046 31.8455 31.8455 2 1 0
12.4223 32.2667 32.2667 2 1 0
12.4396 32.6875 32.6875 2 1 0
12.4564 33.1078 33.1078 2 1 0
12.4729 33.5277 33.5277 2 1 0
12.4889 33.9473 33.9473 2 1 0
12.5046 34.3664 34.3664 2 1 0
12.5199 34.7851 34.7851 2 1 0
12.5349 35.2034 35.2034 2 1 0
12.5495 35.6214 35.6214 2 1 0
12.5637 36.039 36.039 2 1 0
12.5777 36.4562 36.4562 2 1 0
12.5913 36.8731 36.8731 2 1 0
12.6047 37.2896 37.2896 2 1 0
12.6177 37.7058 37.7058 2 1 0
12.6305 38.1216 38.1216 2 1 0
12.643 38.5372 38.5372 2 1 0
12.6553 38.9523 38.9523 2 1 0
12.6673 39.3672 39.3672 2 1 0
12.679 39.7818 39.7818 2 1 0
12.6905 40.196 40.196 2 1 0
12.7018 40.61 40.61 2 1 0
12.7129 41.0236 41.0236 2 1 0
12.7237 41.437 41.437 2 1 0
12.7344 41.8501 41.8501 2 1 0
12.7448 42.2629 42.2629 2 1 0
12.755 42.6754 42.6754 2 1 0
12.7651 43.0876 43.0876 2 1 0
12.7749 43.4996 43.4996 2 1 0
12.7846 43.9113 43.9113 2 1 0
12.7941 44.3228 44.3228 2 1 0
12.8034 44.734 44.734 2 1 0
12.8126 45.145 45.145 2 1 0
12.8215 45.5557 45.5557 2 1 0
12.8304 45.9662 45.9662 2 1 0
12.8391 46.3764 46.3764 2 1 0
12.8476 46.7865 46.7865 2 1 0
12.856 47.1962 47.1962 2 1 0
12.8642 47.6058 47.6058 2 1 0
12.8723 48.0152 48.0152 2 1 0
12.8803 48.4243 48.4243 2 1 0
12.8881 48.8332 48.8332 2 1 0
12.8959 49.2419 49.2419 2 1 0
12.9034 49.6504 49.6504 2 1 0
12.9109 50.0587 50.0587 2 1 0
12.9183 50.4668 50.4668 2 1 0
12.9255 50.8747 50.8747 2 1 0
12.9326 51.2824 51.2824 2 1 0
12.9396 51.6899 51.6899 2 1 0
12.9465 52.0973 52.0973 2 1 0
12.9533 52.5044 52.5044 2 1 0
12.96 52.9114 52.9114 2 1 0
12.9666 53.3182 53.3182 2 1 0
12.9731 53.7248 53.7248 2 1 0
12.9795 54.1312 54.1312 2 1 0
12.9858 54.5375 54.5375 2 1 0
12.992 54.9436 54.9436 2 1 0
12.9981 55.3495 55.3495 2 1 0
13.0041 55.7553 55.7553 2 1 0
13.0101 56.1609 56.1609 2 1 0
13.0159 56.5664 56.5664 2 1 0
13.0217 56.9717 56.9717 2 1 0
13.0274 57.3768 57.3768 2 1 0
13.033 57.7818 57.7818 2 1 0
13.0386 58.1867 58.1867 2 1 0
13.044 58.5914 58.5914 2 1 0
13.0494 58.9959 58.9959 2 1 0
13.0548 59.4004 59.4004 2 1 0
13.06 59.8046 59.8046 2 1 0
13.0652 60.2088 60.2088 2 1 0
13.0703 60.6128 60.6128 2 1 0
13.0753 61.0167 61.0167 2 1 0
13.0803 61.4204 61.4204 2 1 0
13.0852 61.824 61.824 2 1 0
13.0901 62.2275 62.2275 2 1 0
13.0949 62.6308 62.6308 2 1 0
13.0996 63.0341 63.0341 2 1 0
13.1043 63.4372 63.4372 2 1 0
13.1089 63.8402 63.8402 2 1 0
13.1135 64.243 64.243 2 1 0
13.118 64.6458 64.6458 2 1 0
13.1224 65.0484 65.0484 2 1 0
13.1268 65.4509 65.4509 2 1 0
13.1311 65.8533 65.8533 2 1 0
13.1354 66.2556 66.2556 2 1 0
13.1396 66.6578 66.6578 2 1 0
13.1438 67.0599 67.0599 2 1 0
13.148 67.4618 67.4618 2 1 0
13.1521 67.8637 67.8637 2 1 0
13.1561 68.2654 68.2654 2 1 0
13.1601 68.6671 68.6671 2 1 0
13.164 69.0686 69.0686 2 1 0
13.1679 69.4701 69.4701 2 1 0
13.1718 69.8714 69.8714 2 1 0
13.1756 70.2727 70.2727 2 1 0
13.1794 70.6738 70.6738 2 1 0
13.1831 71.0749 71.0749 2 1 0
13.1868 71.4759 71.4759 2 1 0
13.1904 71.8767 71.8767 2 1 0
13.194 72.2775 72.2775 2 1 0
13.1976 72.6782 72.6782 2 1 0
13.2011 73.0788 73.0788 2 1 0
13.2046 73.4793 73.4793 2 1 0
13.2081 73.8797 73.8797 2 1 0
13.2115 74.2801 74.2801 2 1 0
13.2149 74.6803 74.6803 2 1 0
13.2182 75.0805 75.0805 2 1 0
13.2215 75.4806 75.4806 2 1 0
13.2248 75.8806 75.8806 2 1 0
13.2281 76.2805 76.2805 2 1 0
13.2313 76.6803 76.6803 2 1 0
13.2344 77.0801 77.0801 2 1 0
13.2376 77.4798 77.4798 2 1 0
13.2407 77.8794 77.8794 2 1 0
13.2438 78.2789 78.2789 2 1 0
13.2468 78.6783 78.6783 2 1 0
13.2498 79.0777 79.0777 2 1 0
13.2528 79.477 79.477 2 1 0
13.2558 79.8763 79.8763 2 1 0
13.2587 80.2754 80.2754 2 1 0
13.2616 80.6745 80.6745 2 1 0
13.2645 81.0735 81.0735 2 1 0
13.2673 81.4725 81.4725 2 1 0
13.2702 81.8714 81.8714 2 1 0
13.2729 82.2702 82.2702 2 1 0
13.2757 82.6689 82.6689 2 1 0
13.2784 83.0676 83.0676 2 1 0
13.2812 83.4662 83.4662 2 1 0
13.2838 83.8647 83.8647 2 1 0
13.2865 84.2632 84.2632 2 1 0
13.2891 84.6616 84.6616 2 1 0
13.2918 85.06 85.06 2 1 0
13.2943 85.4583 85.4583 2 1 0
13.2969 85.8565 85.8565 2 1 0
13.2994 86.2547 86.2547 2 1 0
13.302 86.6528 86.6528 2 1 0
10.9861 15.0001 15.0001 2 2 0
11.0063 15 15 2 2 0
11.0263 15 15 1 2 0
11.0663 15 15 1 2 0
11.1463 15 15 1 2 0
11.3063 15 15 1 2 0
11.6263 15 15 1 2 0
12.1263 15 15 1 2 0
12.6263 15 15 1 2 0
13.1263 15 15 1 2 0
13.6263 15 15 1 2 0
14.1263 15 15 1 2 0
14.6263 15 15 1 2 0
15.1263 15 15 1 2 0
10.9861 15.0001 15.0001 2 2 0
10.9659 15 15 1 2 0
10.9459 15 15 2 2 0
10.9059 15 15 2 2 0
10.8259 15 15 2 2 0
10.6659 15 15 2 2 0
10.3459 15 15 2 2 0
9.8459 15 15 2 2 0
9.3459 15 15 2 2 0
8.8459 15 15 2 2 0
8.3459 15 15 2 2 0
7.8459 15 15 2 2 0
7.3459 15 15 2 2 0
6.8459 15 15 2 2 0
6.3459 15 15 2 2 0
5.8459 15 15 2 2 0
5.3459 15 15 2 2 0
4.8459 15 15 2 2 0
4.3459 15 15 2 2 0
3.8459 15 15 2 2 0
3.3459 15 15 2 2 0
2.8459 15 15 2 2 0
2.3459 15 15 2 2 0
1.8459 15 15 2 2 0
1.3459 15 15 2 2 0
0.845899 15 15 2 2 0
0.345899 15 15 2 2 0
-0.154102 15 15 2 2 0
8 6.27104 6.27104 2 1 0
7.97828 6.24046 6.24046 1 1 0
7.95645 6.20994 6.20994 1 1 0
7.91244 6.14913 6.14913 1 1 0
7.82303 6.02841 6.02841 1 1 0
7.68542 5.84963 5.84963 1 1 0
7.47108 5.58698 5.58698 1 1 0
7.15753 5.23398 5.23398 1 1 0
6.82569 4.89587 4.89587 1 1 0
6.47599 4.57372 4.57372 1 1 0
6.10919 4.26837 4.26837 1 1 0
5.7263 3.98039 3.98039 1 1 0
5.32855 3.71 3.71 1 1 0
4.91728 3.45716 3.45716 1 1 0
4.58587 3.27074 3.27074 1 1 0
4.15398 3.04821 3.04821 2 1 0
3.71248 2.84173 2.84173 2 1 0
3.26261 2.65046 2.65046 2 1 0
2.80553 2.47346 2.47346 2 1 0
2.34228 2.30976 2.30976 2 1 0
1.87374 2.1584 2.1584 2 1 0
1.40071 2.01842 2.01842 2 1 0
0.923863 1.88892 1.88892 2 1 0
0.443758 1.76905 1.76905 2 1 0
-0.0391121 1.658 1.658 2 1 0
4.58586 3.27074 3.27074 4 9 0
4.58583 3.29088 3.25065 3 9 0
4.58583 3.29117 3.25036 3 9 0
4.58465 3.37214 3.17039 3 9 0
4.57995 3.49469 3.05173 3 9 0
4.56631 3.68065 2.87702 3 9 0
4.53116 3.96365 2.6226 3 9 0
4.446 4.39122 2.26344 3 9 0
4.28973 4.91425 1.86171 3 9 0
4.08245 5.41871 1.51232 3 9 0
3.83156 5.89247 1.21474 3 9 0
3.54486 6.32712 0.965697 3 9 0
3.22998 6.71569 0.761882 3 9 0
2.89383 7.06775 0.598267 3 9 0
2.54219 7.3764 0.467496 3 9 0
2.17964 7.64683 0.362911 3 9 0
1.80968 7.87784 0.280478 3 9 0
1.43488 8.099 0.215865 3 9 0
1.05707 8.28246 0.16545 3 9 0
0.67758 8.45575 0.126072 3 9 0
0.297319 8.5985 0.095535 3 9 0
-0.0830754 8.74099 0.072007 3 9 0
